line	1.750	1.000	0.875	1.000
line	0.875	1.000	0.375	0.500
line	0.375	0.500	-0.375	0.500
line	-0.375	0.500	-0.875	1.000
line	-0.875	1.000	-1.750	1.000
line	-2.000	0.750	-2.000	0.200
line	-2.000	0.200	-2.100	0.200
line	-2.100	0.200	-2.100	-0.200
line	-2.100	-0.200	-2.000	-0.200
line	-2.000	-0.200	-2.000	-0.750
line	-1.750	-1.000	-0.875	-1.000
line	-0.875	-1.000	-0.375	-0.500
line	-0.375	-0.500	0.375	-0.500
line	0.375	-0.500	0.875	-1.000
line	0.875	-1.000	1.750	-1.000
line	2.000	-0.750	2.000	-0.200
line	2.000	-0.200	2.100	-0.200
line	2.100	-0.200	2.100	0.200
line	2.100	0.200	2.000	0.200
line	2.000	0.200	2.000	0.750

arc	1.75	0.75	0.25	0	90
arc	-1.75	0.75	0.25	90	180
arc	-1.75	-0.75	0.25	180	270
arc	1.75	-0.75	0.25	270	360

paddle	0	-1.75	0.00
paddle	1	1.75	0.00

goal	0	-2	0.2	-2.1	-0.2
goal	1	2	0.2	2.1	-0.2

puck	0	0
