arc    1.25    .75    0.5      0       90
arc   -1.25    .75    0.5      90     180
arc   -1.25   -.75    0.5      180    270
arc    1.25   -.75    0.5      270    360
line    1.75       .75       1.75     .25

line    1.85       .25       1.75     .25
line    1.85      .25       1.85     -.25
line    1.85       -.25       1.75     -.25

line    1.75      -.25      1.75     -.75

line   -1.75       .75      -1.75     .25

line    -1.85       .25       -1.75     .25
line    -1.85      .25       -1.85     -.25
line    -1.85       -.25       -1.75     -.25

line   -1.75       -.25      -1.75     -.75

line    1.25       1.25    -1.25      1.25
line    1.25      -1.25    -1.25     -1.25

paddle      0      -1.4         0
paddle      1       1.4         0
puck 0 0
goal 0 -1.85 .25 -1.75 -.25
goal 1 1.85 .25 1.75 -.25